{
 "cells": [
  {
   "cell_type": "code",
   "execution_count": 1,
   "id": "5deaf663",
   "metadata": {},
   "outputs": [],
   "source": [
    "import pandas as pd\n",
    "import numpy as np\n",
    "from matplotlib import pyplot as plt\n",
    "%matplotlib inline"
   ]
  },
  {
   "cell_type": "code",
   "execution_count": 2,
   "id": "8e79e653",
   "metadata": {},
   "outputs": [],
   "source": [
    "## Display all the columns of the dataframe\n",
    "pd.pandas.set_option('display.max_columns',None)"
   ]
  },
  {
   "cell_type": "markdown",
   "id": "3baaa8a7",
   "metadata": {},
   "source": [
    "### Feature Selection using Pearson Correlation"
   ]
  },
  {
   "cell_type": "code",
   "execution_count": 3,
   "id": "c3a4b569",
   "metadata": {},
   "outputs": [
    {
     "data": {
      "text/html": [
       "<div>\n",
       "<style scoped>\n",
       "    .dataframe tbody tr th:only-of-type {\n",
       "        vertical-align: middle;\n",
       "    }\n",
       "\n",
       "    .dataframe tbody tr th {\n",
       "        vertical-align: top;\n",
       "    }\n",
       "\n",
       "    .dataframe thead th {\n",
       "        text-align: right;\n",
       "    }\n",
       "</style>\n",
       "<table border=\"1\" class=\"dataframe\">\n",
       "  <thead>\n",
       "    <tr style=\"text-align: right;\">\n",
       "      <th></th>\n",
       "      <th>id</th>\n",
       "      <th>date</th>\n",
       "      <th>price</th>\n",
       "      <th>bedrooms</th>\n",
       "      <th>bathrooms</th>\n",
       "      <th>sqft_living</th>\n",
       "      <th>sqft_lot</th>\n",
       "      <th>floors</th>\n",
       "      <th>waterfront</th>\n",
       "      <th>view</th>\n",
       "      <th>condition</th>\n",
       "      <th>grade</th>\n",
       "      <th>sqft_above</th>\n",
       "      <th>sqft_basement</th>\n",
       "      <th>yr_built</th>\n",
       "      <th>yr_renovated</th>\n",
       "      <th>zipcode</th>\n",
       "      <th>lat</th>\n",
       "      <th>long</th>\n",
       "      <th>sqft_living15</th>\n",
       "      <th>sqft_lot15</th>\n",
       "    </tr>\n",
       "  </thead>\n",
       "  <tbody>\n",
       "    <tr>\n",
       "      <th>0</th>\n",
       "      <td>7129300520</td>\n",
       "      <td>20141013T000000</td>\n",
       "      <td>221900.0</td>\n",
       "      <td>3</td>\n",
       "      <td>1.00</td>\n",
       "      <td>1180</td>\n",
       "      <td>5650</td>\n",
       "      <td>1.0</td>\n",
       "      <td>0</td>\n",
       "      <td>0</td>\n",
       "      <td>3</td>\n",
       "      <td>7</td>\n",
       "      <td>1180</td>\n",
       "      <td>0</td>\n",
       "      <td>1955</td>\n",
       "      <td>0</td>\n",
       "      <td>98178</td>\n",
       "      <td>47.5112</td>\n",
       "      <td>-122.257</td>\n",
       "      <td>1340</td>\n",
       "      <td>5650</td>\n",
       "    </tr>\n",
       "    <tr>\n",
       "      <th>1</th>\n",
       "      <td>6414100192</td>\n",
       "      <td>20141209T000000</td>\n",
       "      <td>538000.0</td>\n",
       "      <td>3</td>\n",
       "      <td>2.25</td>\n",
       "      <td>2570</td>\n",
       "      <td>7242</td>\n",
       "      <td>2.0</td>\n",
       "      <td>0</td>\n",
       "      <td>0</td>\n",
       "      <td>3</td>\n",
       "      <td>7</td>\n",
       "      <td>2170</td>\n",
       "      <td>400</td>\n",
       "      <td>1951</td>\n",
       "      <td>1991</td>\n",
       "      <td>98125</td>\n",
       "      <td>47.7210</td>\n",
       "      <td>-122.319</td>\n",
       "      <td>1690</td>\n",
       "      <td>7639</td>\n",
       "    </tr>\n",
       "    <tr>\n",
       "      <th>2</th>\n",
       "      <td>5631500400</td>\n",
       "      <td>20150225T000000</td>\n",
       "      <td>180000.0</td>\n",
       "      <td>2</td>\n",
       "      <td>1.00</td>\n",
       "      <td>770</td>\n",
       "      <td>10000</td>\n",
       "      <td>1.0</td>\n",
       "      <td>0</td>\n",
       "      <td>0</td>\n",
       "      <td>3</td>\n",
       "      <td>6</td>\n",
       "      <td>770</td>\n",
       "      <td>0</td>\n",
       "      <td>1933</td>\n",
       "      <td>0</td>\n",
       "      <td>98028</td>\n",
       "      <td>47.7379</td>\n",
       "      <td>-122.233</td>\n",
       "      <td>2720</td>\n",
       "      <td>8062</td>\n",
       "    </tr>\n",
       "    <tr>\n",
       "      <th>3</th>\n",
       "      <td>2487200875</td>\n",
       "      <td>20141209T000000</td>\n",
       "      <td>604000.0</td>\n",
       "      <td>4</td>\n",
       "      <td>3.00</td>\n",
       "      <td>1960</td>\n",
       "      <td>5000</td>\n",
       "      <td>1.0</td>\n",
       "      <td>0</td>\n",
       "      <td>0</td>\n",
       "      <td>5</td>\n",
       "      <td>7</td>\n",
       "      <td>1050</td>\n",
       "      <td>910</td>\n",
       "      <td>1965</td>\n",
       "      <td>0</td>\n",
       "      <td>98136</td>\n",
       "      <td>47.5208</td>\n",
       "      <td>-122.393</td>\n",
       "      <td>1360</td>\n",
       "      <td>5000</td>\n",
       "    </tr>\n",
       "    <tr>\n",
       "      <th>4</th>\n",
       "      <td>1954400510</td>\n",
       "      <td>20150218T000000</td>\n",
       "      <td>510000.0</td>\n",
       "      <td>3</td>\n",
       "      <td>2.00</td>\n",
       "      <td>1680</td>\n",
       "      <td>8080</td>\n",
       "      <td>1.0</td>\n",
       "      <td>0</td>\n",
       "      <td>0</td>\n",
       "      <td>3</td>\n",
       "      <td>8</td>\n",
       "      <td>1680</td>\n",
       "      <td>0</td>\n",
       "      <td>1987</td>\n",
       "      <td>0</td>\n",
       "      <td>98074</td>\n",
       "      <td>47.6168</td>\n",
       "      <td>-122.045</td>\n",
       "      <td>1800</td>\n",
       "      <td>7503</td>\n",
       "    </tr>\n",
       "  </tbody>\n",
       "</table>\n",
       "</div>"
      ],
      "text/plain": [
       "           id             date     price  bedrooms  bathrooms  sqft_living  \\\n",
       "0  7129300520  20141013T000000  221900.0         3       1.00         1180   \n",
       "1  6414100192  20141209T000000  538000.0         3       2.25         2570   \n",
       "2  5631500400  20150225T000000  180000.0         2       1.00          770   \n",
       "3  2487200875  20141209T000000  604000.0         4       3.00         1960   \n",
       "4  1954400510  20150218T000000  510000.0         3       2.00         1680   \n",
       "\n",
       "   sqft_lot  floors  waterfront  view  condition  grade  sqft_above  \\\n",
       "0      5650     1.0           0     0          3      7        1180   \n",
       "1      7242     2.0           0     0          3      7        2170   \n",
       "2     10000     1.0           0     0          3      6         770   \n",
       "3      5000     1.0           0     0          5      7        1050   \n",
       "4      8080     1.0           0     0          3      8        1680   \n",
       "\n",
       "   sqft_basement  yr_built  yr_renovated  zipcode      lat     long  \\\n",
       "0              0      1955             0    98178  47.5112 -122.257   \n",
       "1            400      1951          1991    98125  47.7210 -122.319   \n",
       "2              0      1933             0    98028  47.7379 -122.233   \n",
       "3            910      1965             0    98136  47.5208 -122.393   \n",
       "4              0      1987             0    98074  47.6168 -122.045   \n",
       "\n",
       "   sqft_living15  sqft_lot15  \n",
       "0           1340        5650  \n",
       "1           1690        7639  \n",
       "2           2720        8062  \n",
       "3           1360        5000  \n",
       "4           1800        7503  "
      ]
     },
     "execution_count": 3,
     "metadata": {},
     "output_type": "execute_result"
    }
   ],
   "source": [
    "dataset=pd.read_csv('kc_house_data.csv')\n",
    "dataset.head()"
   ]
  },
  {
   "cell_type": "code",
   "execution_count": 4,
   "id": "bbb1c46d",
   "metadata": {},
   "outputs": [],
   "source": [
    "feature_matrix = [features for features in dataset.columns if 'price' not in features and 'yr_built' not in features and 'yr_renovated' not in features and 'date' not in features]\n",
    "X = dataset[feature_matrix]\n",
    "y = dataset['price']"
   ]
  },
  {
   "cell_type": "code",
   "execution_count": 5,
   "id": "ce5eaf2a",
   "metadata": {},
   "outputs": [
    {
     "data": {
      "text/plain": [
       "['id',\n",
       " 'bedrooms',\n",
       " 'bathrooms',\n",
       " 'sqft_living',\n",
       " 'sqft_lot',\n",
       " 'floors',\n",
       " 'waterfront',\n",
       " 'view',\n",
       " 'condition',\n",
       " 'grade',\n",
       " 'sqft_above',\n",
       " 'sqft_basement',\n",
       " 'zipcode',\n",
       " 'lat',\n",
       " 'long',\n",
       " 'sqft_living15',\n",
       " 'sqft_lot15']"
      ]
     },
     "execution_count": 5,
     "metadata": {},
     "output_type": "execute_result"
    }
   ],
   "source": [
    "feature_matrix"
   ]
  },
  {
   "cell_type": "code",
   "execution_count": 6,
   "id": "a1be8c45",
   "metadata": {},
   "outputs": [
    {
     "data": {
      "text/plain": [
       "((15129, 17), (6484, 17))"
      ]
     },
     "execution_count": 6,
     "metadata": {},
     "output_type": "execute_result"
    }
   ],
   "source": [
    "# separate dataset into train and test\n",
    "from sklearn.model_selection import train_test_split\n",
    "X_train, X_test, y_train, y_test = train_test_split(\n",
    "    X,\n",
    "    y,\n",
    "    test_size=0.3,\n",
    "    random_state=0)\n",
    "\n",
    "X_train.shape, X_test.shape"
   ]
  },
  {
   "cell_type": "code",
   "execution_count": 7,
   "id": "a9aaed7d",
   "metadata": {},
   "outputs": [
    {
     "data": {
      "text/html": [
       "<div>\n",
       "<style scoped>\n",
       "    .dataframe tbody tr th:only-of-type {\n",
       "        vertical-align: middle;\n",
       "    }\n",
       "\n",
       "    .dataframe tbody tr th {\n",
       "        vertical-align: top;\n",
       "    }\n",
       "\n",
       "    .dataframe thead th {\n",
       "        text-align: right;\n",
       "    }\n",
       "</style>\n",
       "<table border=\"1\" class=\"dataframe\">\n",
       "  <thead>\n",
       "    <tr style=\"text-align: right;\">\n",
       "      <th></th>\n",
       "      <th>id</th>\n",
       "      <th>bedrooms</th>\n",
       "      <th>bathrooms</th>\n",
       "      <th>sqft_living</th>\n",
       "      <th>sqft_lot</th>\n",
       "      <th>floors</th>\n",
       "      <th>waterfront</th>\n",
       "      <th>view</th>\n",
       "      <th>condition</th>\n",
       "      <th>grade</th>\n",
       "      <th>sqft_above</th>\n",
       "      <th>sqft_basement</th>\n",
       "      <th>zipcode</th>\n",
       "      <th>lat</th>\n",
       "      <th>long</th>\n",
       "      <th>sqft_living15</th>\n",
       "      <th>sqft_lot15</th>\n",
       "    </tr>\n",
       "  </thead>\n",
       "  <tbody>\n",
       "    <tr>\n",
       "      <th>id</th>\n",
       "      <td>1.000000</td>\n",
       "      <td>-0.000379</td>\n",
       "      <td>0.006478</td>\n",
       "      <td>-0.014001</td>\n",
       "      <td>-0.132959</td>\n",
       "      <td>0.023856</td>\n",
       "      <td>-0.001970</td>\n",
       "      <td>0.007021</td>\n",
       "      <td>-0.027216</td>\n",
       "      <td>0.011015</td>\n",
       "      <td>-0.012300</td>\n",
       "      <td>-0.006089</td>\n",
       "      <td>-0.009697</td>\n",
       "      <td>-0.006698</td>\n",
       "      <td>0.023027</td>\n",
       "      <td>-0.007345</td>\n",
       "      <td>-0.138209</td>\n",
       "    </tr>\n",
       "    <tr>\n",
       "      <th>bedrooms</th>\n",
       "      <td>-0.000379</td>\n",
       "      <td>1.000000</td>\n",
       "      <td>0.514586</td>\n",
       "      <td>0.575249</td>\n",
       "      <td>0.030340</td>\n",
       "      <td>0.172916</td>\n",
       "      <td>-0.001247</td>\n",
       "      <td>0.081507</td>\n",
       "      <td>0.033101</td>\n",
       "      <td>0.358628</td>\n",
       "      <td>0.475746</td>\n",
       "      <td>0.305841</td>\n",
       "      <td>-0.152040</td>\n",
       "      <td>-0.007341</td>\n",
       "      <td>0.129457</td>\n",
       "      <td>0.392096</td>\n",
       "      <td>0.028265</td>\n",
       "    </tr>\n",
       "    <tr>\n",
       "      <th>bathrooms</th>\n",
       "      <td>0.006478</td>\n",
       "      <td>0.514586</td>\n",
       "      <td>1.000000</td>\n",
       "      <td>0.752353</td>\n",
       "      <td>0.085833</td>\n",
       "      <td>0.498364</td>\n",
       "      <td>0.072522</td>\n",
       "      <td>0.190218</td>\n",
       "      <td>-0.125149</td>\n",
       "      <td>0.666087</td>\n",
       "      <td>0.685287</td>\n",
       "      <td>0.281542</td>\n",
       "      <td>-0.201867</td>\n",
       "      <td>0.022677</td>\n",
       "      <td>0.224469</td>\n",
       "      <td>0.565692</td>\n",
       "      <td>0.087112</td>\n",
       "    </tr>\n",
       "    <tr>\n",
       "      <th>sqft_living</th>\n",
       "      <td>-0.014001</td>\n",
       "      <td>0.575249</td>\n",
       "      <td>0.752353</td>\n",
       "      <td>1.000000</td>\n",
       "      <td>0.171924</td>\n",
       "      <td>0.349807</td>\n",
       "      <td>0.114069</td>\n",
       "      <td>0.294664</td>\n",
       "      <td>-0.055371</td>\n",
       "      <td>0.762826</td>\n",
       "      <td>0.877775</td>\n",
       "      <td>0.436352</td>\n",
       "      <td>-0.201325</td>\n",
       "      <td>0.046988</td>\n",
       "      <td>0.241522</td>\n",
       "      <td>0.754554</td>\n",
       "      <td>0.181315</td>\n",
       "    </tr>\n",
       "    <tr>\n",
       "      <th>sqft_lot</th>\n",
       "      <td>-0.132959</td>\n",
       "      <td>0.030340</td>\n",
       "      <td>0.085833</td>\n",
       "      <td>0.171924</td>\n",
       "      <td>1.000000</td>\n",
       "      <td>-0.006659</td>\n",
       "      <td>0.024207</td>\n",
       "      <td>0.085850</td>\n",
       "      <td>-0.006916</td>\n",
       "      <td>0.113719</td>\n",
       "      <td>0.187418</td>\n",
       "      <td>0.006454</td>\n",
       "      <td>-0.130128</td>\n",
       "      <td>-0.090298</td>\n",
       "      <td>0.234061</td>\n",
       "      <td>0.143487</td>\n",
       "      <td>0.738040</td>\n",
       "    </tr>\n",
       "    <tr>\n",
       "      <th>floors</th>\n",
       "      <td>0.023856</td>\n",
       "      <td>0.172916</td>\n",
       "      <td>0.498364</td>\n",
       "      <td>0.349807</td>\n",
       "      <td>-0.006659</td>\n",
       "      <td>1.000000</td>\n",
       "      <td>0.028778</td>\n",
       "      <td>0.030724</td>\n",
       "      <td>-0.257658</td>\n",
       "      <td>0.458717</td>\n",
       "      <td>0.519051</td>\n",
       "      <td>-0.245529</td>\n",
       "      <td>-0.050410</td>\n",
       "      <td>0.049933</td>\n",
       "      <td>0.117878</td>\n",
       "      <td>0.271427</td>\n",
       "      <td>-0.011655</td>\n",
       "    </tr>\n",
       "    <tr>\n",
       "      <th>waterfront</th>\n",
       "      <td>-0.001970</td>\n",
       "      <td>-0.001247</td>\n",
       "      <td>0.072522</td>\n",
       "      <td>0.114069</td>\n",
       "      <td>0.024207</td>\n",
       "      <td>0.028778</td>\n",
       "      <td>1.000000</td>\n",
       "      <td>0.416884</td>\n",
       "      <td>0.023120</td>\n",
       "      <td>0.085511</td>\n",
       "      <td>0.081297</td>\n",
       "      <td>0.085138</td>\n",
       "      <td>0.031848</td>\n",
       "      <td>-0.014654</td>\n",
       "      <td>-0.041692</td>\n",
       "      <td>0.087126</td>\n",
       "      <td>0.033294</td>\n",
       "    </tr>\n",
       "    <tr>\n",
       "      <th>view</th>\n",
       "      <td>0.007021</td>\n",
       "      <td>0.081507</td>\n",
       "      <td>0.190218</td>\n",
       "      <td>0.294664</td>\n",
       "      <td>0.085850</td>\n",
       "      <td>0.030724</td>\n",
       "      <td>0.416884</td>\n",
       "      <td>1.000000</td>\n",
       "      <td>0.043210</td>\n",
       "      <td>0.259293</td>\n",
       "      <td>0.177023</td>\n",
       "      <td>0.281883</td>\n",
       "      <td>0.078455</td>\n",
       "      <td>0.004183</td>\n",
       "      <td>-0.071917</td>\n",
       "      <td>0.282763</td>\n",
       "      <td>0.080144</td>\n",
       "    </tr>\n",
       "    <tr>\n",
       "      <th>condition</th>\n",
       "      <td>-0.027216</td>\n",
       "      <td>0.033101</td>\n",
       "      <td>-0.125149</td>\n",
       "      <td>-0.055371</td>\n",
       "      <td>-0.006916</td>\n",
       "      <td>-0.257658</td>\n",
       "      <td>0.023120</td>\n",
       "      <td>0.043210</td>\n",
       "      <td>1.000000</td>\n",
       "      <td>-0.139368</td>\n",
       "      <td>-0.154101</td>\n",
       "      <td>0.173980</td>\n",
       "      <td>0.006588</td>\n",
       "      <td>-0.008697</td>\n",
       "      <td>-0.109886</td>\n",
       "      <td>-0.090510</td>\n",
       "      <td>-0.002707</td>\n",
       "    </tr>\n",
       "    <tr>\n",
       "      <th>grade</th>\n",
       "      <td>0.011015</td>\n",
       "      <td>0.358628</td>\n",
       "      <td>0.666087</td>\n",
       "      <td>0.762826</td>\n",
       "      <td>0.113719</td>\n",
       "      <td>0.458717</td>\n",
       "      <td>0.085511</td>\n",
       "      <td>0.259293</td>\n",
       "      <td>-0.139368</td>\n",
       "      <td>1.000000</td>\n",
       "      <td>0.754654</td>\n",
       "      <td>0.173096</td>\n",
       "      <td>-0.179265</td>\n",
       "      <td>0.111733</td>\n",
       "      <td>0.197989</td>\n",
       "      <td>0.709196</td>\n",
       "      <td>0.117902</td>\n",
       "    </tr>\n",
       "    <tr>\n",
       "      <th>sqft_above</th>\n",
       "      <td>-0.012300</td>\n",
       "      <td>0.475746</td>\n",
       "      <td>0.685287</td>\n",
       "      <td>0.877775</td>\n",
       "      <td>0.187418</td>\n",
       "      <td>0.519051</td>\n",
       "      <td>0.081297</td>\n",
       "      <td>0.177023</td>\n",
       "      <td>-0.154101</td>\n",
       "      <td>0.754654</td>\n",
       "      <td>1.000000</td>\n",
       "      <td>-0.048040</td>\n",
       "      <td>-0.258308</td>\n",
       "      <td>-0.005952</td>\n",
       "      <td>0.342353</td>\n",
       "      <td>0.726540</td>\n",
       "      <td>0.199499</td>\n",
       "    </tr>\n",
       "    <tr>\n",
       "      <th>sqft_basement</th>\n",
       "      <td>-0.006089</td>\n",
       "      <td>0.305841</td>\n",
       "      <td>0.281542</td>\n",
       "      <td>0.436352</td>\n",
       "      <td>0.006454</td>\n",
       "      <td>-0.245529</td>\n",
       "      <td>0.085138</td>\n",
       "      <td>0.281883</td>\n",
       "      <td>0.173980</td>\n",
       "      <td>0.173096</td>\n",
       "      <td>-0.048040</td>\n",
       "      <td>1.000000</td>\n",
       "      <td>0.065389</td>\n",
       "      <td>0.109146</td>\n",
       "      <td>-0.139432</td>\n",
       "      <td>0.208652</td>\n",
       "      <td>0.003342</td>\n",
       "    </tr>\n",
       "    <tr>\n",
       "      <th>zipcode</th>\n",
       "      <td>-0.009697</td>\n",
       "      <td>-0.152040</td>\n",
       "      <td>-0.201867</td>\n",
       "      <td>-0.201325</td>\n",
       "      <td>-0.130128</td>\n",
       "      <td>-0.050410</td>\n",
       "      <td>0.031848</td>\n",
       "      <td>0.078455</td>\n",
       "      <td>0.006588</td>\n",
       "      <td>-0.179265</td>\n",
       "      <td>-0.258308</td>\n",
       "      <td>0.065389</td>\n",
       "      <td>1.000000</td>\n",
       "      <td>0.274526</td>\n",
       "      <td>-0.563780</td>\n",
       "      <td>-0.281202</td>\n",
       "      <td>-0.149323</td>\n",
       "    </tr>\n",
       "    <tr>\n",
       "      <th>lat</th>\n",
       "      <td>-0.006698</td>\n",
       "      <td>-0.007341</td>\n",
       "      <td>0.022677</td>\n",
       "      <td>0.046988</td>\n",
       "      <td>-0.090298</td>\n",
       "      <td>0.049933</td>\n",
       "      <td>-0.014654</td>\n",
       "      <td>0.004183</td>\n",
       "      <td>-0.008697</td>\n",
       "      <td>0.111733</td>\n",
       "      <td>-0.005952</td>\n",
       "      <td>0.109146</td>\n",
       "      <td>0.274526</td>\n",
       "      <td>1.000000</td>\n",
       "      <td>-0.137698</td>\n",
       "      <td>0.044518</td>\n",
       "      <td>-0.087297</td>\n",
       "    </tr>\n",
       "    <tr>\n",
       "      <th>long</th>\n",
       "      <td>0.023027</td>\n",
       "      <td>0.129457</td>\n",
       "      <td>0.224469</td>\n",
       "      <td>0.241522</td>\n",
       "      <td>0.234061</td>\n",
       "      <td>0.117878</td>\n",
       "      <td>-0.041692</td>\n",
       "      <td>-0.071917</td>\n",
       "      <td>-0.109886</td>\n",
       "      <td>0.197989</td>\n",
       "      <td>0.342353</td>\n",
       "      <td>-0.139432</td>\n",
       "      <td>-0.563780</td>\n",
       "      <td>-0.137698</td>\n",
       "      <td>1.000000</td>\n",
       "      <td>0.333569</td>\n",
       "      <td>0.259149</td>\n",
       "    </tr>\n",
       "    <tr>\n",
       "      <th>sqft_living15</th>\n",
       "      <td>-0.007345</td>\n",
       "      <td>0.392096</td>\n",
       "      <td>0.565692</td>\n",
       "      <td>0.754554</td>\n",
       "      <td>0.143487</td>\n",
       "      <td>0.271427</td>\n",
       "      <td>0.087126</td>\n",
       "      <td>0.282763</td>\n",
       "      <td>-0.090510</td>\n",
       "      <td>0.709196</td>\n",
       "      <td>0.726540</td>\n",
       "      <td>0.208652</td>\n",
       "      <td>-0.281202</td>\n",
       "      <td>0.044518</td>\n",
       "      <td>0.333569</td>\n",
       "      <td>1.000000</td>\n",
       "      <td>0.180351</td>\n",
       "    </tr>\n",
       "    <tr>\n",
       "      <th>sqft_lot15</th>\n",
       "      <td>-0.138209</td>\n",
       "      <td>0.028265</td>\n",
       "      <td>0.087112</td>\n",
       "      <td>0.181315</td>\n",
       "      <td>0.738040</td>\n",
       "      <td>-0.011655</td>\n",
       "      <td>0.033294</td>\n",
       "      <td>0.080144</td>\n",
       "      <td>-0.002707</td>\n",
       "      <td>0.117902</td>\n",
       "      <td>0.199499</td>\n",
       "      <td>0.003342</td>\n",
       "      <td>-0.149323</td>\n",
       "      <td>-0.087297</td>\n",
       "      <td>0.259149</td>\n",
       "      <td>0.180351</td>\n",
       "      <td>1.000000</td>\n",
       "    </tr>\n",
       "  </tbody>\n",
       "</table>\n",
       "</div>"
      ],
      "text/plain": [
       "                     id  bedrooms  bathrooms  sqft_living  sqft_lot    floors  \\\n",
       "id             1.000000 -0.000379   0.006478    -0.014001 -0.132959  0.023856   \n",
       "bedrooms      -0.000379  1.000000   0.514586     0.575249  0.030340  0.172916   \n",
       "bathrooms      0.006478  0.514586   1.000000     0.752353  0.085833  0.498364   \n",
       "sqft_living   -0.014001  0.575249   0.752353     1.000000  0.171924  0.349807   \n",
       "sqft_lot      -0.132959  0.030340   0.085833     0.171924  1.000000 -0.006659   \n",
       "floors         0.023856  0.172916   0.498364     0.349807 -0.006659  1.000000   \n",
       "waterfront    -0.001970 -0.001247   0.072522     0.114069  0.024207  0.028778   \n",
       "view           0.007021  0.081507   0.190218     0.294664  0.085850  0.030724   \n",
       "condition     -0.027216  0.033101  -0.125149    -0.055371 -0.006916 -0.257658   \n",
       "grade          0.011015  0.358628   0.666087     0.762826  0.113719  0.458717   \n",
       "sqft_above    -0.012300  0.475746   0.685287     0.877775  0.187418  0.519051   \n",
       "sqft_basement -0.006089  0.305841   0.281542     0.436352  0.006454 -0.245529   \n",
       "zipcode       -0.009697 -0.152040  -0.201867    -0.201325 -0.130128 -0.050410   \n",
       "lat           -0.006698 -0.007341   0.022677     0.046988 -0.090298  0.049933   \n",
       "long           0.023027  0.129457   0.224469     0.241522  0.234061  0.117878   \n",
       "sqft_living15 -0.007345  0.392096   0.565692     0.754554  0.143487  0.271427   \n",
       "sqft_lot15    -0.138209  0.028265   0.087112     0.181315  0.738040 -0.011655   \n",
       "\n",
       "               waterfront      view  condition     grade  sqft_above  \\\n",
       "id              -0.001970  0.007021  -0.027216  0.011015   -0.012300   \n",
       "bedrooms        -0.001247  0.081507   0.033101  0.358628    0.475746   \n",
       "bathrooms        0.072522  0.190218  -0.125149  0.666087    0.685287   \n",
       "sqft_living      0.114069  0.294664  -0.055371  0.762826    0.877775   \n",
       "sqft_lot         0.024207  0.085850  -0.006916  0.113719    0.187418   \n",
       "floors           0.028778  0.030724  -0.257658  0.458717    0.519051   \n",
       "waterfront       1.000000  0.416884   0.023120  0.085511    0.081297   \n",
       "view             0.416884  1.000000   0.043210  0.259293    0.177023   \n",
       "condition        0.023120  0.043210   1.000000 -0.139368   -0.154101   \n",
       "grade            0.085511  0.259293  -0.139368  1.000000    0.754654   \n",
       "sqft_above       0.081297  0.177023  -0.154101  0.754654    1.000000   \n",
       "sqft_basement    0.085138  0.281883   0.173980  0.173096   -0.048040   \n",
       "zipcode          0.031848  0.078455   0.006588 -0.179265   -0.258308   \n",
       "lat             -0.014654  0.004183  -0.008697  0.111733   -0.005952   \n",
       "long            -0.041692 -0.071917  -0.109886  0.197989    0.342353   \n",
       "sqft_living15    0.087126  0.282763  -0.090510  0.709196    0.726540   \n",
       "sqft_lot15       0.033294  0.080144  -0.002707  0.117902    0.199499   \n",
       "\n",
       "               sqft_basement   zipcode       lat      long  sqft_living15  \\\n",
       "id                 -0.006089 -0.009697 -0.006698  0.023027      -0.007345   \n",
       "bedrooms            0.305841 -0.152040 -0.007341  0.129457       0.392096   \n",
       "bathrooms           0.281542 -0.201867  0.022677  0.224469       0.565692   \n",
       "sqft_living         0.436352 -0.201325  0.046988  0.241522       0.754554   \n",
       "sqft_lot            0.006454 -0.130128 -0.090298  0.234061       0.143487   \n",
       "floors             -0.245529 -0.050410  0.049933  0.117878       0.271427   \n",
       "waterfront          0.085138  0.031848 -0.014654 -0.041692       0.087126   \n",
       "view                0.281883  0.078455  0.004183 -0.071917       0.282763   \n",
       "condition           0.173980  0.006588 -0.008697 -0.109886      -0.090510   \n",
       "grade               0.173096 -0.179265  0.111733  0.197989       0.709196   \n",
       "sqft_above         -0.048040 -0.258308 -0.005952  0.342353       0.726540   \n",
       "sqft_basement       1.000000  0.065389  0.109146 -0.139432       0.208652   \n",
       "zipcode             0.065389  1.000000  0.274526 -0.563780      -0.281202   \n",
       "lat                 0.109146  0.274526  1.000000 -0.137698       0.044518   \n",
       "long               -0.139432 -0.563780 -0.137698  1.000000       0.333569   \n",
       "sqft_living15       0.208652 -0.281202  0.044518  0.333569       1.000000   \n",
       "sqft_lot15          0.003342 -0.149323 -0.087297  0.259149       0.180351   \n",
       "\n",
       "               sqft_lot15  \n",
       "id              -0.138209  \n",
       "bedrooms         0.028265  \n",
       "bathrooms        0.087112  \n",
       "sqft_living      0.181315  \n",
       "sqft_lot         0.738040  \n",
       "floors          -0.011655  \n",
       "waterfront       0.033294  \n",
       "view             0.080144  \n",
       "condition       -0.002707  \n",
       "grade            0.117902  \n",
       "sqft_above       0.199499  \n",
       "sqft_basement    0.003342  \n",
       "zipcode         -0.149323  \n",
       "lat             -0.087297  \n",
       "long             0.259149  \n",
       "sqft_living15    0.180351  \n",
       "sqft_lot15       1.000000  "
      ]
     },
     "execution_count": 7,
     "metadata": {},
     "output_type": "execute_result"
    }
   ],
   "source": [
    "X_train.corr()"
   ]
  },
  {
   "cell_type": "code",
   "execution_count": 8,
   "id": "6bc23797",
   "metadata": {},
   "outputs": [
    {
     "data": {
